0.005876033028644491 -0.004139982710502505 0.008187472712006205 -0.004172409593816879 0.023246425856050544 -0.0067140769396252286 0.017799381928012586 -0.009361776319177829 0.048223856401802566 -0.004735663131061492 -0.027226780704804946 0.025216593285766413 -0.008311375613672416 -0.009640354248716277 0.0368596305963074 0.0032910133895139707 -0.013073599504329252 -0.008374323641804102 -0.002231987565079704
-0.0016687127138693 -0.003028092179109362 0.0010564681678559438 0.0038803019943654876 0.005604379952329653 0.0070582362540014725 0.009233388033434708 -0.013615201391692162 0.019086460371172967 -0.015595803697933518 -0.02383521088288384 0.01909416879556423 -0.010939224028780472 -0.019430305286997147 0.022619614850539486 0.010400959382999071 -0.018333295442562406 -0.011740052193683681 0.006430182789485041
-0.0018305095412606527 -0.005305924008503113 0.007451588480994557 0.0012251090409847408 0.01895921521843818 -0.003111409491696724 0.017170170460423073 -0.018882605805426268 0.03864209765051104 -0.022221364349589812 -0.012962338551926897 0.01416127129987264 -0.020122102501087046 -0.00807386996178088 0.02616331069513991 0.01170671239878143 -0.011219740767775759 -0.006474998382927403 0.001288218999396585
-0.003922714436512922 -0.0006840076422464622 0.005164796750842562 0.004640698837624528 0.018028665328164217 0.003687132186413646 0.007360905851961632 -0.0036368343569676944 0.028920525206325095 -0.0032818425206370223 -0.01945126047804677 0.017613049547301623 -0.022679548794898974 -0.023483603627424573 0.03708610967747563 -0.004207514584829602 -0.010848094274061297 -0.010368002941499213 0.003604392671152421
0.0008181931414963953 0.005465063078748491 0.005984577604851742 0.001489391807850219 0.011290433628323729 -0.010155875581807134 0.007617624593634636 -0.011278818879064718 0.027669994776733393 -0.023744424099646205 -0.017273102271773852 0.029964215579757168 -0.008804265619768287 0.005886721517593636 0.01869345588531648 0.01968326969168486 -0.0018320452201043874 -0.019883580922020735 -0.008204689848608863
0.003433271669988766 0.003173947519585663 0.011063317660133201 0.005077997931183038 0.028173676703819876 -0.008790714824560118 0.007741623333480345 -0.022710117176292764 0.03632287978914864 -0.012027014883788543 -0.02170664353241878 0.01997805575887294 -0.023064730607092146 -0.019781369155880357 0.02334987379996974 0.00470182023534395 -0.006210051824574356 -0.0016108575379696222 -0.005946440746108932
0.0069418964340656475 0.00260047481837269 0.00915456325156696 0.009210709946931017 0.012570257558445406 -0.009198662615342178 0.007220648794137371 -0.008032376481082317 0.02227737644497398 -0.01282698966857047 -0.01531422468846055 0.01768062842326465 -0.006131560878935374 -0.010938013706375352 0.03784162800504539 0.005226499288926967 -0.013319792499049328 -0.02581369746082586 -0.0027686412806224724
0.005026176493168262 0.0005908590296257351 0.014063906499650525 0.003024598600706133 0.018675912568453676 0.0042972219330567885 0.006426335151100833 -0.007404772088916993 0.03862829843103099 -0.016921865097057363 -0.007914754295449423 0.013543659358065355 -0.004592107247903691 -0.008697166507318124 0.045127023418702124 -0.013652748740417 -0.003909861883519107 -0.004943479792845766 0.015129306959545327
-0.009668387944232184 -0.006362325343774218 -0.007360607937119592 -0.0017869407950566755 0.011333645406884009 -0.016462116718595977 0.011995003603913767 0.001698653583649692 0.0357008258127114 -0.022484729587710205 -0.0169109365647618 0.004732833673748466 -0.0013804000235015925 -0.026758001725944978 0.032829429610632774 0.0033343959977836977 -0.03045210081825407 -0.019834843935457137 -0.005315627954054243
-0.005565761457847629 0.0015392431740849219 0.0022114465215022734 -0.0029311429090590436 0.012584711481477643 -0.006214569560625251 0.003710957365163557 -0.014672823590213708 0.02689982500296446 -0.002136347940789103 -0.012435774871571137 0.019655147495471835 -0.003537573726519037 -0.019572441925350053 0.035263242770539854 0.0014462284142556943 -0.011055143602650636 -0.02732811576095771 -0.00018133803535701695
-0.0009393803031339939 0.0040159694682440515 -0.005506320561078357 -0.003919712704446618 0.01317223689150441 0.0016072209716220377 0.015870240608208998 -0.005490793863268597 0.03582926997183793 -0.020362476004353453 -0.007165991918033649 0.02467422863681822 -0.011890500525379545 -0.0043223781040189315 0.031017464349051147 -0.0003105806149633471 -0.02449800736738135 -0.00349775061544133 0.005499118847774677
-6.61439935020111e-06 0.0015024110295744893 -0.0005840727830677914 -0.0035214215765197563 0.018296656337989454 0.0002491902772299809 0.01885889524434456 -0.009927504953337067 0.03499878504529116 -0.012104553362058687 0.0003370591732981524 0.009662117253239857 -0.01432946099996379 -0.008950858931534134 0.04549121542688882 0.011438810991627843 -0.026694671138255785 -0.02080719133534575 -0.010865928229107579
0.0110784072947895 -0.010658779204608015 -0.006493798336644714 -0.025260275665314053 0.011294866306500496 2.7983364368310304e-05 0.009491313940671715 -0.005465342326763756 0.030101306038358366 -0.015368908315087576 -0.017527777875202395 0.013958044168363245 -0.0010169558484757427 -0.015571445797381211 0.03991332920266126 -0.002766056449237972 -0.025206118913017682 -0.009955127319759425 -0.011792837550133758
-0.003472118804663969 0.0001067554586182497 -0.006101221372984731 -0.024164227095288048 0.00822405510055587 -0.0003017717694482831 0.014445885293460534 -0.01912211506034506 0.02809550068367764 -0.010699918574726847 -0.014734031605389334 0.03270386426093841 0.00176269947486237 -0.012012032830507833 0.027740371976785607 0.0004133028580683548 -0.03466167283254878 -0.002920384767487518 -0.01736003665306769
0.026623462940158354 -0.010764388515378965 -0.012306095765578522 -0.035626835666873774 0.019165442325212816 0.008762125207538224 0.022492901038437447 0.0003144055510718241 0.035699083624825 -0.005714650738564149 -0.000331926303886621 0.013082351507008044 0.012670130312075608 -0.04378317123169199 0.026709359306301306 -0.008935742377699915 -0.015644523858770118 0.004172517129654642 -0.007893893607565039
0.024783002774421966 -0.009789987002771375 -0.011171585446528128 -0.0399651617856298 0.0198297471075613 0.007519956840180974 0.03636328202968824 -0.01312062752751654 0.03743824673616322 -0.0034523655761213115 -0.011507993427673557 0.029911220302361263 0.0020606527352025577 -0.03272022400222111 0.04222932647840046 0.002370455981993643 -0.03781607914686381 -0.02518424107558546 0.0018961337436925194
0.025391272170969068 0.0010659432035361575 0.007796101519939174 -0.02690846579041481 0.020828655724035573 0.011147025173521867 0.008634404466184626 0.007100453247345218 0.03552060563775831 -0.005457752930509351 -0.01601505362354124 0.019223731597184768 0.010060477456110686 -0.03518554282782728 0.0123968158632692 0.02260088083571109 -0.024626581833593484 -0.0279987472670914 0.035321841516598715
0.02650802802914945 -0.014773627591946259 0.0007622141706251251 -0.029216656883758955 0.015560944787231329 0.02325501052340307 0.03366876624022799 -0.01346053238863855 0.038441520230801704 -0.008145091749303232 0.011814836090959893 0.012907506352213613 -0.03826612975614558 -0.03397806334052053 0.039510168897867355 -0.0014390002077726354 -0.030064185530917796 0.000610827288552095 -0.008122690374127616
0.025779941703878505 0.02198521639431999 -0.01045649149380497 -0.027233821660262066 0.01626728638231241 -0.013755917984464194 0.0007935457273145113 -0.01870610705967487 0.01778329730017143 -0.009577368133459026 -0.04477717270031845 -0.0024116013522988435 -0.04143454249889676 -0.0899015458606091 0.06714032100143581 0.10300091116565317 -0.04639256885120794 -0.058549245752655556 0.007664229226554187
0.005366538434058355 -0.01618484811449409 -0.002164018698188963 -0.05132418841504179 0.034418185551320556 0.007092818241714963 0.002551307091249562 0.02827181126440267 0.0352949951726863 0.021424736386445827 0.03756951264900007 0.036718456023571364 -0.038119343805369056 -0.08825542840017117 0.12623393727524318 -0.00109145464226723 0.03360898424006937 -0.029505116788171193 -0.1918231091168615
0.030504920689076377 -0.037376587792024824 -0.05615559696647842 -0.03517960265348025 0.012885216092252452 -0.0712889412626628 -0.03631087769892738 0.014008266824711705 -0.018022301315811434 -0.07441252890903698 -0.05944116717149905 0.01823113771949078 0.05526181319159226 -0.02917447545515378 0.04818828980550396 -0.018386430412100887 0.002531447383461048 0.1145774146764104 -0.07922570142301248
0.019028908090202683 0.008204120684170984 -0.026553043076803624 -0.016632284093634243 0.020000387078452486 -0.02162944058901315 0.011141314486202801 0.0027367385547634837 0.028149620446104688 0.02878608442135085 -0.014288781610198958 -0.02080484717995446 -0.09893166617179258 -0.003174704761659414 -0.024606081347860898 -0.007600150933269509 0.009107045058842028 -0.021528839122408435 0.014764375263889825
0.0289546227980949 0.06653181416373566 -0.00014579981180771868 -0.0509390753381535 0.0035236619626969265 -0.07282404997169087 0.00877932723129301 -0.008398128732961457 -0.0020230400874074483 -0.01411366342470915 -0.007552336833097455 -0.021615106262482177 0.02312306381109743 0.021478617992014237 -0.059231552013305544 0.015074599647537816 -0.0739125236818771 0.10198314281364589 0.012263553403485138
0.02255817595247352 0.010107521435648591 -0.005063687886992244 -0.02641077126179289 0.05461390213315092 -0.0078115221551625594 0.019747350473430417 -0.039298206164962574 0.01446069365887258 0.041754954360727466 -0.03474729228054261 -0.0007147417383856891 0.04351514699827559 -0.07007468043239226 0.0006802617253039104 0.08089908209281571 -0.03640313926888494 -0.027033911983536496 0.0518240338690672
0.006832058012409334 -0.08285394976309378 0.09332892433582544 0.010642783315601775 -0.049758464357594345 0.009680665338922556 0.021906501131174004 -0.009709294885289257 0.004813197112291828 -0.01597956122250404 -0.01792611910606141 0.032909961639081414 -0.017954716903175988 -0.007097375806225362 -0.0016698478606408955 0.030441823946663546 -0.03701024929097913 -0.010046323204315184 -0.0542391097521897
0.02225425912265712 -0.011319995435974365 -0.008231653966111226 -0.03430361269292236 0.009130787708063316 0.03361606743168466 0.05071870318843399 0.016609411302457952 0.044154977236611756 0.02162143550487349 0.05090604936515805 0.0017400950860410453 -0.06889448999052525 -0.13226927667251198 -0.020340027732457293 -0.02361877982302924 -0.03412737057022046 0.0552028397111209 0.07458339035306569
0.008381822969979722 -0.04542175238512969 -0.06399903159783425 -0.06510900822792344 0.019068304642326454 -0.12357778082692851 0.0017828031424283733 -0.002282972099458781 -0.028205729803188525 -0.051129754439076976 -0.08388005921928995 0.060570152792937454 0.030694352458254033 0.08329895332588376 0.03210072935027417 -0.20244241278390873 -0.03879979860005372 0.18216563987685466 0.03650278030331423
0.03805658672653469 0.06677443468688189 -0.07624110351746508 -0.035507131129490596 -0.17881985057385436 0.08028881066616271 0.011927559677758123 0.1120735284487117 0.02955066350079767 0.07587498741709896 0.05007986350210274 -0.01765594717706761 0.049118413631964015 0.011750590947920051 -0.07204462665309284 -0.03223103779694563 -0.07284710884608682 -0.042732938997299616 -0.07589803865299964
-0.017558981399247123 -0.12114326202345896 0.1840163214568429 0.016025117191884156 -0.11387847739307826 -0.03709427700341037 0.016593974088963848 0.012632261131653862 -0.04582201823852466 0.011564156273179199 0.0007858467946408957 -0.0020854556952780772 -0.01765677421018514 0.01466535020764001 -0.003633154306449134 0.00029919710754635297 -0.011316401470104825 0.01573042928154122 0.01741958883592217
-0.018757499831078384 -0.10466708565396421 0.1869010270050865 0.010949886381103946 -0.11169274409093487 -0.04240815486162811 0.025131561226528213 0.02911556405057995 -0.021574045271042196 -0.012273646771098948 0.011637755313867399 -0.014966423623937278 -0.0173803463963154 0.008045582887767053 -0.006567605753910937 -0.013724380304620936 -0.026733464198005034 -0.003114047208291242 0.01225688570011146
0.04680757446026356 -0.011496031766600757 -0.02600519334983861 0.04010614642007288 0.06159481708523332 -0.014609108558488118 0.03377790578886607 0.014501486644045852 -0.010285921064425902 0.10557214959916718 -0.02431490369254441 -0.042764207642458155 -0.029090306513392138 0.047439064261158556 -0.09875989334488273 0.016112276652082178 0.06227792863757608 -0.07820852295992647 0.006555935254665542
0.029881805562314515 -0.025356439530663386 -0.02306551404705146 -0.04773838179684276 0.005873194216380686 0.014684066980722686 0.030687889205378602 0.007662525229116463 0.011409457839238408 0.030748599263563495 0.06203083801637417 0.028717131831583552 0.022263759515637294 -0.0907226046927166 0.15987347512347913 -0.10420661256337453 0.04270189103419172 -0.012056193058936482 -0.08486108760015126
0.04391084744020973 0.07872098451873794 -0.06721475667730564 -0.03355158027433652 -0.10333415573425304 -0.034884129734385066 0.034226395211099984 0.12894377547510794 -0.005382619522196361 0.04282369719057534 0.13035831370229517 -0.09804548553354475 -0.1961714779942001 -0.01967184333290259 -0.021214317006745198 -0.040310907316061344 -0.047445548824541765 -0.0033437766020275638 0.05995098832953601
0.057257661769581324 0.08503575403952435 -0.03821207584195997 -0.046075525049784856 -0.1430375080548081 -0.010838328655681333 0.07111737514723357 0.13070317767501294 -0.04826722400657014 -0.1230060869067801 0.04975912130188313 -0.015077642575837519 0.12315530762023097 0.013547470713745761 0.0560538404837929 0.048324973947347416 0.1683268591744669 -0.00510074262015059 0.018498728604331827
0.0249355080281718 -0.043296388189294516 -0.03568678172099501 -0.00801723114912527 0.06908405177569124 0.03910116513316116 0.055909838130731804 0.010809814517342644 -0.036394497102834114 -0.12234267179245277 0.0006891254007823184 0.08052959158353631 -0.03320770323641451 0.008752330958401293 -0.1343264172435502 -0.044547433064950355 -0.11937683434493145 -0.14982495021140463 0.1464397172029983
0.032546344232371544 0.13042771553869503 0.053377803389562425 0.10186635032058604 0.03242471264685985 0.022747677221623144 -0.05566415985555453 -0.03039358449401305 0.017805274761753854 0.0017535942191756603 -0.002916763540139981 0.04292412409100123 -0.09155734527822311 0.04025018245750369 0.02703834572619841 -0.009687050921795826 0.022142420961819193 0.04723177854777579 0.049655772981562714
0.023598094564562803 -0.009404977511801792 -0.001113435033946382 -0.1088771928734248 0.09312562132550682 0.06632319955643601 0.013163730166634913 -0.09411441351030558 -0.02972422635174492 0.0074641367466734615 0.09926140226333587 -0.020385387907322583 0.000908916236230565 0.05012461198555923 -0.006060326503832874 0.05127808698097595 -0.006062858867184152 -0.01075982905380198 -0.10128610597884877
0.02928124845937923 -0.0420501081573918 0.019674129811348078 -0.1161064599086233 0.07140487056297447 0.15243242062266432 -0.030572857106166248 -0.07868299653337883 -0.06309456640943209 -0.022762108148804645 0.12825428876689643 -0.012125260777117572 0.05096731362265022 0.1284992308485596 0.020968757437768618 -0.1078755836155253 0.06663639491466018 -0.05680165047893901 0.051032435331318064
0.007868339769139221 0.06677741497848483 0.040743926673244626 -0.04007092504294748 0.0341142820327517 -0.06676099483316703 0.025053222718981312 -0.012715565402643536 -0.001752599992312926 0.007676981315590814 0.03197073297050821 -0.12126914630734882 0.18912299007979658 -0.07872914640031309 -0.06507000153942077 0.03405342266992702 -0.06504585574955749 0.02860038060719614 0.08228970429908578
-0.014214349062385254 -0.06858771521164728 0.1613131370898688 -0.023227665720204817 -0.07489794201021271 -0.015049301686228051 0.016891767796962213 -0.038161130820711694 -0.0246382492348666 -0.010178303868743074 0.004753069088897617 -0.02118426473498898 0.02770136551839916 0.020753917407824098 -0.0012763692415855646 0.007651397519112693 0.028584087015713307 -0.007622077085876563 0.025332400103044002
0.02524205460264437 0.08644879501188348 0.08068300315593491 0.11090412629848145 0.013395643876599465 0.024999799218436328 -0.01607723683391535 0.00229222143063548 -0.03477904739214572 0.007977334691577765 0.028872704130842697 0.08234510875651449 -0.05083097516583107 0.005176888836846779 -0.008729420457531143 -0.059323036552587576 -0.024470205979924955 0.0435479210793859 -0.05336785664691819
0.02098200727338825 0.02224131314950632 -0.017291456303888883 -0.031770350569336206 -0.10448152769016919 0.09710194677327116 -0.07128116106643397 -0.023092472405568706 0.0687701315879804 0.07708636930614181 -0.11232244947701782 0.017045638818766338 0.09074561917092253 0.051248388056519725 -0.05249236641322806 -0.03245601537870905 -0.09816473992870207 -0.053600529983453445 -0.057056848049655266
0.008894685569497204 0.008245537313111893 0.021058488806597574 0.005167613122325333 0.03426215576511267 -0.002746001608890334 0.06401789890852104 0.03560179671046978 0.08286305120739604 0.012101794672028782 -0.07157061784510729 0.01738345321147541 -0.010548641484983187 0.1196785377001074 0.01385321347376407 0.1676649102078313 0.04183014653917561 -0.023449374144219295 -0.030399989976367857
0.009170216523300165 0.0017526852455680335 -0.004662307287885285 -0.05761195868098023 -0.04133100006370804 0.06277250168912966 -0.1596213522730474 -0.073502714566338 0.015625737346683422 -0.04729916686011107 -0.019426001501780542 -0.02827251747655167 -0.04548899500121335 -0.1022991141686624 -0.06079933202130968 0.07509212375510689 0.05546032385926258 0.08542783762284127 0.027145868243131584
-0.1314114278087236 0.02468879025943876 -0.02240934901902724 0.015550428561846234 -0.0045023117786472285 0.008227152624791241 0.00786185405629724 -0.005458062463833615 -0.018207721311151236 -0.0032434338901532384 0.007646782791275352 -0.0013275462722967082 0.0022607106287818464 -0.0032205005551787244 -0.006634506554354659 -0.010276720670335103 0.024571357654620606 0.004914220989049748 -0.011702383757905404
0.03154929188067988 0.038357227739836006 -0.006320341136498104 -0.04636060287361733 0.031878146323131414 -0.08538370742869791 0.027566931643501227 -0.021310567744957595 -0.012475375008056292 -0.00397707280354021 0.023937858077882013 0.01781402426856534 0.014801326698122551 0.07047466498775083 -0.0924886394935734 0.02039899844593861 0.012118577354647556 0.0773338163838765 -0.04505130537715029
-0.10799283681609821 0.01518593290778321 -0.02193300978684872 0.005335873247764713 0.005796373404599868 0.006263116498029291 0.013985220062236372 0.006108038151415238 0.0003254753474441438 -0.0004111193565919567 0.007804168115216705 -0.014309403136114295 -0.001600872402575559 0.02860369287145646 -0.002818378044348973 0.005000969737669746 0.0037025283399203593 -0.008826147882571961 0.0042477930834777435
0.018621949802641348 -0.0665723381883071 -0.0760742142591353 0.04992905393702034 -0.028525085927304406 0.05473399754485146 0.03305839296997817 0.010966572653940632 -0.11499772648477363 0.030149139001797554 -0.011218493265993995 0.10835529823870166 0.03153849799585499 -0.042800125062142175 -0.020025289481334658 0.05869112673913666 0.04297657286917269 0.029941726665789165 0.038947836748301407
-0.11393340863843127 0.015318591217371337 -0.0052616510483587545 0.005583697285171196 -0.003884000464235066 0.006264064620620682 0.008799956947594497 -0.003197424301471869 -0.012532486788121253 -0.0015185100825332093 -0.0075179022022287935 -0.0028521465840611084 0.008970219693065898 -0.0011118922237569487 0.002880513533474585 -0.008797200695089552 0.007287646160683967 -0.0009697236456618361 0.01534869901906373
-0.009415725482563456 -0.025848732227858346 0.013853903842204347 -0.008693907639767774 0.0029348923387544574 -0.04114659283372658 -0.031024364898271012 0.009625208312553292 0.03564543829156813 0.03896817521035252 0.09126389726150219 0.06163753628362 -0.019912109478796458 0.005792434295778118 -0.09477437766231418 0.010988191301323837 0.06617107116984745 -0.006358578333309531 -0.03643035689809018
0.0008044279660426873 -0.031724340014454226 0.02552718030717242 0.01260869679208315 0.07889969279119236 -0.003194770987263129 -0.05914980992688348 0.10453825472614668 0.009020204173950445 0.0548161429522114 -0.06280614329309633 -0.03464796206394453 0.03238717316073344 -0.049158770048828626 -0.05301377172822537 -0.07481325407845797 0.07997563670733791 -0.02723485535161219 -0.012520543262599623
0.03339311985432443 0.05802902705410967 0.0021682937689711107 0.028510618944769948 -0.033164833683024 0.038639829443764116 -0.032293020151882866 -0.018661220560932022 -0.004539098353411197 0.01980756798356703 -0.038863191073469965 -0.007679441338701498 0.0006115816056719348 0.07262174109695219 0.03131760630964427 -0.023441675028457704 0.0518971319361689 0.0138249484327642 0.03520419476395036
-0.09914290698475733 0.024507651297652103 -0.02220490810870934 -0.004498902155744733 -0.005879482812196499 0.015366684817147166 0.0003717197220061696 -0.007164726490575735 -0.005700820738530514 -0.005503652243346555 -0.002291506864947707 0.0008580325456747416 -0.0013052277856488265 0.006966455144574584 -0.00706327823003777 0.006596728816613826 -0.0005369651582770905 0.004768404733743439 -0.0057005205310281925
0.004921803223331647 -0.03837527871891004 -0.03073217949771325 0.02237127330600483 2.9600981531174024e-05 0.020748931590278984 0.02101701074112058 0.022747495054824103 0.02842538698010971 -0.0064363111408154315 -0.026561625039124254 0.024581580498350967 -0.02518822453056666 0.029619629780484606 -0.023715937460187946 -0.006244168272949336 -0.019326028288157344 0.06685558007377974 -0.010019383361513897
0.012539428800487824 0.06803133836098339 0.026008238441549994 0.07221979157608373 0.038336381596107215 -0.019615439800388663 0.0019632879863211495 -0.003513464004742735 -0.014128549436365849 -0.026778576499386465 0.027373504661853287 0.0093281280230404 0.047048021446386444 -0.0292504840746493 0.0026338664128612746 0.012962074561042527 0.009791321529097957 -0.029984677311634778 -0.015313305667252634
0.005260294802722961 0.00016710990885516894 0.0007719106908635138 -0.030464399871057656 0.018287709463107 0.004124189710779371 0.06863452583688877 -0.025946771537805995 -0.05671627502735089 0.09975753377959914 -0.055167179728619245 -0.06651241820567098 -0.03433666032962935 -0.0017682398005066011 0.024160499668934576 0.004897421151043095 0.027090613773042622 0.02447771945233794 0.03277595807983422
0.004838182397882134 0.014375162278862942 -0.008377691741624078 -0.023464254132384194 0.0021388189368778602 -0.04987469139052663 -0.06864996055657208 0.019284277075288857 -0.12478340268600231 -0.021267058283657676 -0.035860211184153175 -0.008948224828411554 -0.03082855838983577 0.0150573170475063 0.007283997967967335 0.01938299827867643 -0.03840613453099244 -0.055485635751040395 -0.05114498717694416
0.0024824573840559754 -0.044650465961102455 -0.0031545946026262095 0.045402555937398933 0.04019328891934434 0.04373080096627816 -0.04733654116204766 0.06651474083873501 -0.009189939094762296 -0.006283732658393879 0.0455974704918952 -0.06153576505779482 0.0120551908086308 0.03903473009819322 0.03285410334286734 0.041133127194493524 -0.04650343340438602 0.048739825985178016 0.009313731161307745
0.012116850862327016 0.044436394752905166 0.030204598754718624 0.030005155708602998 0.0013426931453067864 0.01622284307677097 0.0019188044152126814 -0.022131473601252283 -0.021010782100435898 0.014238903723988425 0.006712092667487269 0.01070350191085333 0.013250008195011834 -0.020092080515138378 0.0022671139472400246 -0.019892292075073686 -0.01141241903451551 0.0068198205983008905 0.0177840213949086
0.010101199379314316 -0.018695199310142244 -0.014103312972679896 0.029141319991307493 0.008376625886809961 -0.006283085956111087 0.0025158683092949747 0.01606303777140498 0.024289611766218484 -0.021326674833917272 -0.002666557603305919 0.003186762103669217 0.026782199322061436 -0.0008482457236715605 0.0001807284173268537 -0.006283148466788543 -0.009329311292901106 -0.003906103601134339 0.0004855906115781026
-0.0611164117721989 0.003616115080287856 -0.006571770578065607 0.0013234331351737972 -0.005614604510563626 0.003923325685980337 -0.0014254507432959807 0.002381583017434138 0.0024414555982107625 -0.001592151078052985 0.006027553932190072 -0.004397205048189588 0.0017191840004644097 -0.0023081995969651803 -0.005898171039084295 -0.008223720358484095 -0.0035595177663425297 0.004258477746397392 -0.005446963311903495
-0.00037854854686935994 -0.005241855432427331 -0.010464767214367723 -0.012381603870948287 -0.005680447869563996 -0.030515635757953904 -0.03297091746874508 0.007606526701255823 0.028166338773672358 -0.026270800095944926 -0.01180568405262478 0.004128241698472043 -0.014711657526495319 0.018270952732484892 0.02128967769687477 -0.0006454485623169125 0.030145779368152693 -0.030002068803046816 0.049284010621550745
0.003799662601523056 -0.023327509987459888 -0.03217358646115343 0.032976268166768345 -0.018154926831767847 -0.04177301499653329 -0.024142471199565592 -0.03901788915293434 0.0059140822585616705 0.03717329190865811 0.02793941754808934 -0.005956239901520193 0.01536575131640261 0.007523063457817802 0.015953566735702425 0.0010019175563400586 -0.005586997674862211 -0.01393057344210143 0.00985119337730183
4.2037454340439434e-17 -5.35098344979434e-17 -6.027980358033553e-17 1.226500111703398e-16 -3.675263029928741e-17 2.710533975758146e-17 7.708679178403936e-17 -1.0606705976186848e-16 1.3099253397248046e-18 -1.3697237986812526e-16 -3.862499246385127e-17 -1.6963984023760948e-16 -4.0187406721936756e-17 -1.442140149639752e-17 -7.489548216269442e-17 -5.510200556052074e-17 6.080030242711753e-17 -2.5821874913061308e-17 -9.881064201930463e-17
