0.005821392047314654 0.0038895058688579055 -0.008252028207267009 0.002584823886033494 -0.023194504255332732 0.0018513373544450213 -0.016466406487821716 0.010239128107646643 -0.04779021504337265 0.013357792206367302 0.026308396400990225 -0.017681553026508246 0.019287035143591515 0.014788190230193149 0.002636192909846912 -0.035084957223860964 1.3951284765398132e-05 0.01744914284273636 0.002083364345482823
-0.001583042050309011 0.0032291266176419837 -0.0009441976542851552 -0.0023091172904035452 -0.002265712768778093 -0.010558153694792858 -0.008945277363197736 0.013655378081476162 -0.018961042313446457 -0.005314890344592341 0.02338714013117557 -0.01673589553089228 0.0191620624346762 0.018382018275862912 0.012506658960676506 -0.021384280423359932 0.009434711007144228 0.021496902062071218 -0.0058809947448757605
-0.0017485466789798512 0.005452883063773251 -0.007264247249638674 8.08823978028112e-05 -0.014773024433355335 -0.00447675451866157 -0.021324711478886513 0.018923237013390746 -0.03838854851387828 -0.010928405406863238 0.023648524727238468 -0.007181479834070804 0.008332087065268431 0.024077218548872112 0.001845349718512503 -0.024842402151821645 0.009985097758391468 0.012920217884238996 -0.000975541234896601
-0.0038484039893965805 0.0007466250730261489 -0.00516445518205841 -0.0037122533319168725 -0.014818296101961753 -0.008293517423188625 -0.009971350901813955 0.0036917460411487247 -0.028787971518188366 0.00012960435007607258 0.011601375939412281 -0.014240821005462914 0.021154801731128776 0.03211456561526505 0.012825810006062621 -0.032938135171454566 -0.006754552639168983 0.015770827581570456 -0.0028052569971652795
0.0008458976495987012 -0.00548098949965105 -0.0059786332524802 -0.0013533512481233344 -0.010802619629002442 0.007055395304898764 -0.010159238247452278 0.011496415799403043 -0.02754678109645715 -0.003151249604016189 0.03836089027533293 -0.005634190393108354 0.011600750506488695 0.010812484495977744 -0.008237924852704326 -0.022300849812079603 0.01502485340559166 0.010032931367271613 0.009850541494160264
0.003430009706136838 -0.00334779613922423 -0.011201366680403895 -0.005174581088557218 -0.026051213374070535 0.0029477150050762264 -0.014058436940500475 0.022543775008729054 -0.036102348275563995 -0.004557992321426241 0.020324307159394112 -0.014793591115214853 0.017788248783797134 0.03062478639518038 0.011341248585693768 -0.020652587643299414 0.0036748429097847217 0.006370126560653081 0.006065758129558591
0.006958796259477742 -0.0028748922784920367 -0.009511508837362995 -0.009246530074299656 -0.01169546966986805 0.005872646215083248 -0.010275881510972947 0.00826229367235656 -0.02229310572132936 -0.0008355567294325078 0.022450811736998248 -0.008554205071258507 0.012667481054042097 0.010793203099179017 0.006033441004027212 -0.03995297170821247 -0.0008795234098063102 0.02596678963999067 0.0039640034461408185
0.004970822566713409 -0.0009235921049304778 -0.014238908153286961 -0.0037911401533424543 -0.017914600763457172 -0.006838315360167848 -0.005584751046459968 0.007575213433312967 -0.038344978100837895 -0.004206068307452758 0.021361085027851334 -0.002430473407059455 0.010234150649040846 0.00897629538537786 0.0026352520364745966 -0.042733272383248186 -0.01901269038696094 0.01048653378622128 -0.01605953884504205
-0.009518599406018164 0.006694154739265796 0.007571930858723275 0.0028598010616336434 -0.008216886288339456 0.009388379856488162 -0.02134682103281223 -0.0018905822753532634 -0.035496381057367986 -0.017456137141880552 0.016134576337618344 -0.014496606949001832 0.015614062592061124 0.009083173615124833 0.019659777953511853 -0.03065259827953704 0.0020788804693187193 0.036853182514306096 0.006399398312155472
-0.005524784856344973 -0.0013853242395257927 -0.0020363109707172973 0.0032814743178634503 -0.01180743347329729 0.0034907381396805845 -0.0070181335894156874 0.014747387961381262 -0.026940929700197288 0.0018750940944129932 0.011718466788663994 -0.0067846071493547384 0.02229151795450757 0.011786002422517403 0.0126618991280293 -0.03588714110026493 -0.003944376241431884 0.02385387659358328 0.0016522216565323785
-0.0008787223269976941 -0.003684334633539897 0.00584487470743306 0.004830313363239456 -0.009992664192004062 -0.007455256867119045 -0.0170418264931952 0.005840096569335632 -0.03586172548008607 -0.006326032494339727 0.02658620098154803 0.001068735693148719 0.01886968943821169 0.018640208199296075 -0.004031383515992418 -0.025215280825521925 0.0004187805794579815 0.02469557695258195 -0.0062776717561852866
6.46474983947869e-05 -0.0011453830936262598 0.0009391492036832266 0.004815581493895979 -0.014035803205318059 -0.007958100217789659 -0.02185093437578765 0.010211231802269611 -0.034935836031454726 -0.006209153088976185 0.010924375622719383 0.00328125173287866 0.009328467014131453 0.019258738793902327 0.001318118960717416 -0.044036640498837834 0.007925720427407868 0.03457139776242171 0.011331801034314314
0.011144028302593959 0.011415794940037742 0.007469866084797665 0.025682265251172138 -0.010039764315107731 -0.003993731977797555 -0.01134894213910388 0.005515174227122548 -0.030077209622805336 -0.008480168448842054 0.017195849527716182 -0.012863433729441718 0.022675479821540494 0.010035854732816738 0.006340624745069826 -0.034350217221664 -0.0034959551135898092 0.028420527943957868 0.01193480983401802
-0.003360845177712674 0.0008541573117969444 0.007307898161367274 0.026057991302522943 -0.005395598265968994 -0.005201408331234984 -0.01657854103377671 0.01932787015907594 -0.02813200472913096 -0.004257042812754341 0.019515764889047268 -0.005970103421109746 0.04172330621064467 0.012228462136871255 -0.0006290104625956386 -0.016793154254866213 0.0053887591113476446 0.030662851585508348 0.017814113814304144
0.026960719016983947 0.012114144497895175 0.013968393602773495 0.03745209618834176 -0.014935912594344597 -0.017375413002265146 -0.02387385967759987 5.2555602084772454e-05 -0.035993991328832055 -0.005300311437003517 0.002905051172594224 0.0017532831881238678 0.03408078507754552 0.0014219377809692165 0.03446597198354607 -0.02111639319861169 -0.007853304125409664 0.013339205555971317 0.006944710152901342
0.024958210597096662 0.011137818933215294 0.0128968390243805 0.041556854581075914 -0.015357026730269275 -0.017932356341275688 -0.03339611855730818 0.014362131336131624 -0.0374549416039041 0.008897372999045063 0.01745064374641727 -0.003275430407256421 0.038384967503631795 0.01226270140716168 0.0212281956717081 -0.037756933838926414 0.001388342506365622 0.046230539158719525 -0.0013645481230579921
0.025575216716905456 -0.00012769586536704554 -0.0065159333719681505 0.029131157606452573 -0.017368456960282927 -0.01657404596912376 -0.010738974224945965 -0.007112539703901405 -0.035613060203843756 -0.002951362687870353 0.011441817695151747 -0.010847055466110776 0.0302689891279347 0.0007975865449149031 0.03008616108079134 -0.0153343051114148 0.021452190024134236 0.03299916365854228 -0.03373648077833541
0.026625484524348673 0.016045558441699338 0.000779710751483941 0.03264044265871743 -0.007757719020960141 -0.03409175537277685 -0.030477387282112592 0.014142227604644161 -0.03840629363318141 -0.005774185174178246 0.0030208402168541665 0.013804061118300431 0.01732871439260118 0.049170555329893596 0.01986700795722543 -0.031057706149051234 0.0005220113581951005 0.027516835436381695 0.006104157353633904
0.025703678371542898 -0.02075730674432417 0.011807425119032768 0.0290559885486501 -0.013975247493313638 0.00824107245608294 -0.012691771584903755 0.0177590487981661 -0.017729428841816452 -0.018464183634436027 0.003434379249565722 -0.04515419669724805 0.022959396977711443 0.057603513256305604 0.07514869213712129 -0.08107611834967074 0.09314702757435052 0.0610549320883929 -0.0006740132659368226
0.005445684739983598 0.017294061565442984 0.003919172577969029 0.0506291497613171 -0.03387198766205569 -0.011312471753832357 -0.006060220731991341 -0.028119617561306494 -0.0350223170008991 0.009736236340524894 -0.017044411884138317 0.041512841995725434 0.05244466607709511 0.06375107374509792 0.062342190428474054 -0.12686176431294913 -0.02210113978063958 -0.010792975181697187 0.19066783050094424
0.030921641200422487 0.03936252949448696 0.05808525361227482 0.035669831105387406 -0.01370143724116973 0.06674275122029791 -0.008925930047233119 -0.018211928497093917 0.01774965514136563 -0.09443522303134039 0.03209447570043368 -0.05627003545298803 0.09304257202994247 -0.022526669250303947 0.0017572062664520372 -0.013667777146986804 -0.0005489000021683537 -0.05868205454005683 0.07594058179156733
0.019020382895107286 -0.007992795510182185 0.026850357786677343 0.013690123536756912 -0.023118184318869524 0.018908273945982705 -0.012619685987472365 -0.0017783865912325625 -0.02800146317590998 0.02909603938689304 -0.014120507442355264 -0.018395665361992792 -0.052434879964355384 0.08621628669907769 0.005916451080950797 0.018397700629123173 -0.010219370402632443 0.0018786378172672054 -0.011321585527134225
0.029081823684371046 -0.06457783139753176 0.0030202717644996126 0.05621355933818085 -0.001513056853478128 0.06084306972461816 -0.04206257531007697 0.006806394564707097 0.0018329885143178253 -0.042220702809664674 -0.022527505479015202 -0.017394796266887547 0.02154653591851765 -0.015693217770507886 -0.028958735786533466 0.08876284154230683 0.051176420033373735 0.009856619573585274 -0.020891228343702814
0.022511616186309348 -0.009833090318052106 0.005675708179115077 0.02360154993765973 -0.054798869728573736 -0.0002639597140671791 -0.021337179516781365 0.040249002832491866 -0.014277857097244906 0.034560683021543435 -0.019136573710200635 -0.03598489201533169 0.028444436518402928 -0.03268918316679596 0.07274068623293281 -0.018866945590741313 0.07774007186659014 0.040737803264854495 -0.048653430623732556
0.006969301108604676 0.08346964029182814 -0.09474216296462995 -0.005826330686798024 0.05226607867168439 -0.008072697521471496 -0.007614994860682521 0.01122713441195008 -0.004803722335893836 0.012237836300049949 0.039599416266867894 -0.00534799559120858 0.012487579090022854 0.02157425954310611 0.004283933862425376 0.0007114962654321426 0.03455114259554951 0.03576389352724602 0.05265419613453005
0.02220804186789493 0.01241161057223265 0.009681287393936104 0.03599622381857937 -0.0026007214370791392 -0.04379864066132905 -0.03536992238044219 -0.014344555523395532 -0.043745901936026566 0.024720645291817417 -0.02194111312106937 0.04747038229233366 0.0010302095946829026 0.08163109455361187 0.12250143726729874 0.02296976569895846 -0.013786003605170856 0.012279099745348748 -0.0851827709940872
0.008599002441610831 0.04775856084482253 0.066479206788668 0.06448788924828786 -0.02166053769502701 0.10932217842180827 -0.05311857278918932 -9.306623558359463e-06 0.027967993722637537 -0.058316101414978394 0.044703651089667444 -0.06861344887258275 0.12069083028032805 0.004948341670004783 -0.12752566406889557 0.05906870007312112 -0.15745809863768795 -0.04271708599946057 -0.04830774833293129
0.03834775870439125 -0.06461757506664033 0.0793828831879918 0.04331821032802436 0.17684572559282066 -0.055878382033870876 0.04548791946235322 -0.1093201584340651 -0.02932972482636949 0.07616590856134228 -0.054181910124145395 0.04119064977760268 -0.015424332758559681 -0.05782183397494886 0.002765378549736587 0.07427081829524965 -0.019222195508926395 0.08271596958111647 0.0786991934823323
-0.01747476667737467 0.12065112798072622 -0.18442024786243097 -0.005832478463670191 0.11281283334613547 0.043592313010812865 -0.009824138341735693 -0.011475633658135352 0.0459124507967897 0.017251155312929332 -0.003904509496992981 0.0003301460836114946 -0.00843068348926913 0.015129707618438626 -0.016023974101336647 0.008559762062865135 0.005054469735961575 0.0023049311678613425 -0.018570874154352598
-0.018778405519878045 0.10516827578400957 -0.1881389831317766 0.0007943497929607732 0.11371790880036495 0.04500059355096063 -0.023267604911684572 -0.028353187845720974 0.021725815393040495 -0.0027643878019084486 0.002958853603940458 0.008580497156414279 -0.02223596147879642 0.011794002682632499 -0.006785170805228438 0.010687541151218113 -0.009322010195028992 0.026202148545987892 -0.012931783979096778
0.04664568219116003 0.009390786145894267 0.023191993673959025 -0.05008155586951003 -0.06708886843708779 0.010252887951108937 -0.01948564979471465 -0.010610413860476429 0.010785764079994226 0.11650037750801281 -0.041122458336841645 -0.031753916941410214 -0.10320950143960031 -0.011249555641580693 -0.008159959435214073 0.0563002048764415 -0.0032605290566975384 -0.016542276296445436 -0.0031603468123243277
0.029836915274372256 0.026518005670806595 0.02460487219327204 0.047017724546066626 -0.004815068378722522 -0.019718207752301996 -0.02039941630678808 -0.006117047517670271 -0.011246125277569803 0.026035177132209486 -0.026661228222849786 0.06278621435358908 0.06038322262210812 0.005384549164266312 0.06639704221830288 -0.15124928747939353 -0.12960075929665235 -0.01127245525154019 0.07759803694514412
0.04458991138383476 -0.07689412229380785 0.07104033812067082 0.043160651498404035 0.10896950454727782 0.0315533679127037 -0.038327995678668667 -0.12953663574175583 0.005440031031601304 0.0011321429942306623 -0.10799115140415348 0.0952703635252576 -0.12470222674802497 0.17546242046439356 0.015002349326224025 0.03236799523699343 -0.029789186853438343 0.044626064373098885 -0.0598566944364253
0.057798264796525806 -0.08265301341515408 0.042217863352964353 0.05824658780406952 0.14973221191004085 0.0068489118202216225 -0.05377076797098002 -0.1290066673180755 0.04837054221454608 -0.05059885596453835 0.08797913760133214 0.05590656052017677 -0.03947780045011537 -0.14318376033383504 0.014586741466926243 -0.09997745917022687 0.007188687129175716 -0.14206373515083257 -0.01424269945288727
0.025099666291796677 0.0437773411446564 0.03572731523469613 0.004830761262027415 -0.06104167458334109 -0.05657592000840548 -0.045633109744728236 -0.008868095233444903 0.03648338196598807 -0.029643014134944256 0.14962298675919639 0.037462815658674306 -0.02021327637026986 0.019652025744996058 0.010558174248310553 0.1273622621925315 -0.032041870274092436 0.17133961400062797 -0.13782665805813296
0.03221947202950866 -0.1318407961937437 -0.05572761869219523 -0.09679629204032494 -0.02581820577055214 -0.018557197792188018 0.04030134919564225 0.027330113569327626 -0.01778571891337654 -0.021314180346604664 0.0018695508706135153 0.005851384977001708 0.02521033227308655 0.09986672743243753 -0.061649347016216056 -0.005932792420635432 -0.0035030036380980386 -0.042874807133958574 -0.05259726624196393
0.02393428539711454 0.011643725578951818 0.004718919165264771 0.10737688749224843 -0.0915790002999997 -0.07533692187493578 -0.0031694948212793203 0.09486260238129227 0.02991866278320349 -0.011482395604076363 -0.03997521735720383 0.08914329612188845 -0.03534336647744493 -0.014386623310603032 -0.043291307497110104 0.0010877059418982378 0.05266733570580654 0.003030124689107835 0.10666898303792256
0.029699337577020878 0.044427569003879744 -0.01642441024742624 0.11370324319648964 -0.07375270620939421 -0.14321682317743606 0.0689128342092211 0.07871159747432868 0.06364579914219 -0.02526332621195525 -0.012856530525115739 0.12385675462454909 -0.05248858001267872 -0.0788216744948537 -0.11239172118165183 -0.021050274235265086 -0.12761444974578187 -0.022814965868694862 -0.04689444719461314
0.00811721523264793 -0.0671957526061863 -0.039412541506503126 0.045438674725923146 -0.030600793377457285 0.049626640967527315 -0.05956854362149752 0.011729907615835602 0.0015839657750243577 -0.04612513558947755 -0.09145620802862366 -0.008482311437483308 -0.013968405521380577 -0.19516382966218934 0.1072374272509209 0.051902339996820944 0.047398835635718665 0.0459451695471792 -0.0895151499619175
-0.014264123645868319 0.0699792354756526 -0.16211133379814321 0.03378259376234502 0.07671961024155807 0.017672425653124598 -0.011317768743113356 0.039194050414987844 0.024938698842734038 -0.007911599507202926 -0.0020363016805811313 -0.00024665989748227435 -0.017979598660495366 -0.03589124061920822 -0.012982985447790566 -0.00602382619422822 0.0016541801345416266 -0.022525406571635757 -0.023852254289691354
0.026768045913590922 -0.09377502088516433 -0.0883574497285091 -0.1077983144914688 0.0014160360379719358 -0.03295917405286607 0.0027283432834428398 -0.004191465110999363 0.03682493088013034 -0.012746696783007803 0.001597728903129576 0.04725987935813139 0.08864130604400655 0.08311320802589443 -0.03746958601660185 0.05164483354753445 -0.038743850940866575 -0.004924125612343409 0.05658899041982371
0.0215512759927212 -0.02203503875394112 0.01904967561981974 0.0329752223405773 0.09374746663559515 -0.05861077755194778 0.12456225420998031 0.023916102574440996 -0.07024524189355069 0.07083103626063936 -0.013274149924300553 -0.10921679227918658 0.05108084773772188 -0.08755208407822833 -0.04744785083022634 0.06699240091072163 -0.01644170909147755 0.1121214850049757 0.059377977782431784
0.00892247494019142 -0.008759518358131577 -0.0215335033488324 -0.005888117178304101 -0.030659952715854637 -0.011105547740159519 -0.052103167462240974 -0.03204809135457142 -0.08306476858161337 0.06227478704015291 0.050025556205444126 -0.05732731342803812 -0.04141906749041929 -0.014796488642172602 -0.10388580651226546 -0.04548842717680126 0.15262913109432039 -0.03724796131180332 0.03467648334088181
0.010401852149748671 -0.0007592872167801834 0.007333970720071205 0.06297235604988326 0.028149069038592517 -0.02286015324634467 0.18056432887554538 0.0751411005529856 -0.018048618609459503 -0.10328444427722201 -0.007339438282829315 -0.032322278146553876 -0.0017639420778259515 0.061502489276707165 0.11303451291380456 0.056311097178866766 0.09294044856495959 -0.11012978690285055 -0.033269353674684324
-0.13498248151108558 -0.02511263007560436 0.023007702033191316 -0.013722220255876624 0.009142500191429169 -0.011570555219045462 -0.008020982798915118 0.005647258383935518 0.018691386043347333 -0.004602354345093597 -0.0013472397107275806 0.007130270074859064 -0.001741627392207574 -0.002904050120306237 0.004871389017432362 0.0051257845479018216 -0.012997596660587465 -0.024085450279975475 0.011975487226997102
0.03229117495257985 -0.03806093274354515 0.008369859651284313 0.04752584469698695 -0.03437074020753188 0.0727263394017495 -0.05540679018611779 0.02203084484959776 0.012727140633773773 -0.0023541215327726166 0.005105731913932364 0.028748647744152648 -0.00048260388091699534 -0.022915323979598032 -0.06448130621026495 0.10560575305181454 0.04255441524803505 -0.05670560395535138 0.039971139542961276
-0.11396627812189757 -0.01593730479715821 0.023096293716531883 -0.0057242392430887565 -0.0036838943989189418 -0.010378670107565506 -0.01200150396001059 -0.005863839220846385 -0.00032573615728431104 0.003394009500340255 -0.003044062300762858 0.0049893316944149705 -0.025379552836169366 -0.008129468700455505 -0.024158534898726734 -0.0007370202291335585 0.0029185375212158406 0.0009533539556699213 -0.004028488518444544
0.01923653498946535 0.06821568878292922 0.07642776299584333 -0.0550394825762098 0.03262765361063289 -0.053305475483621835 0.0021757077270910473 -0.007818337990788937 0.1192561433840254 0.07758558763130907 0.05335916897162033 0.02138736879943477 0.08192766398051429 -0.012172256705594256 0.04062228363165822 0.009820723351421866 0.05860830916890271 -0.058914551071691815 -0.04043755811116327
-0.1131281988910914 -0.014914889075149184 0.0054631872572241036 -0.003237073623851161 0.007548892606964646 -0.009333268349695455 -0.008851963895103903 0.0032479996858505414 0.012434527377936423 -0.0035299296087436993 -0.0013313879727654256 -0.008463622410150643 0.005635988817039078 -0.0070830031483623285 0.00013767275616192125 -0.0013413285312588513 -0.009392640754226283 -0.005910410566348545 -0.014602593453016847
-0.009748943078772323 0.025318445694373356 -0.01512323558239016 0.0013768763222182037 -0.018907301036238656 0.05609998519027218 0.03413350059872491 -0.009113284487019766 -0.036197265733869284 0.055059047381919454 0.0035178402937226967 0.10919613144407914 -0.012040955723217063 0.009702915668396163 0.011529114247496072 0.07714939426083671 0.007469814977201919 -0.06117541865180562 0.04127674707536074
0.0007578816058338405 0.03067643213197562 -0.02693591278202954 -0.017768775925644735 -0.08289876369473545 0.006749225501380887 0.03783382916431297 -0.1070420974279788 -0.009006648444061807 0.012412493549746993 -0.051086081876791964 -0.0754710451995401 0.01121340322657248 -0.027618059617138896 0.05623254244538248 0.04646722634126708 -0.08329538454758538 -0.05700785984169669 0.017438028351139417
0.03432243354232066 -0.060432779354397066 -0.002941496072981738 -0.028151103034650703 0.03180395633945271 -0.025243029916049143 0.04894908793203659 0.018791848354907867 0.004729166148614568 0.0147422305476735 -0.005449306862312039 -0.0408377394871285 -0.010170706031074948 -0.008663561102211175 -0.07509904008573272 -0.027602123149855756 -0.03203168646046624 -0.05076792473035753 -0.03644732070279922
-0.09869846017257075 -0.023982388659919883 0.022584742523105154 0.005300077855472895 0.00696540882431942 -0.014276033519258807 0.004447345767998855 0.007184118540845134 0.005668606599026391 -0.002374614767491412 0.005569990600128715 -0.0013517501672434427 -0.003040368063951319 -0.00031987304482277676 -0.005751688499216826 0.0067345062144231966 0.007888758917978328 -0.0025128043588302364 0.00512329411375357
0.005050660034351344 0.039022776253157906 0.030504014701840748 -0.020769909115513453 0.008166485464195648 -0.028262683308121 -0.01934402555131237 -0.022494268062563192 -0.028673700691110655 -0.00030294349310725936 0.016604467362301797 -0.019646016404524718 0.025131613680129616 0.032524411017421095 -0.04140151123296177 0.04691177682891091 0.01341069224957193 -0.018659908623906048 0.005511590587581464
0.012581299825504433 -0.07025556554646183 -0.028353393272936348 -0.07052778030608285 -0.03092306362689636 0.009179054786246591 -0.022004248341786582 0.0025053060300623976 0.01413038747034828 -0.02916518116712946 0.009678727596034555 0.029403736825169724 0.01702286216720752 -0.04296849783465391 0.0341246671386251 -0.013715675088540434 0.005587257399558328 0.004924984851919193 0.01883765447825635
0.005467237002124204 0.0009613914441289285 0.0007474268844008277 0.03384678321861929 -0.01091648298382946 -0.02125251612026597 -0.0610502715192015 0.02950683224344774 0.05810915384827781 0.06955883761218158 -0.08558663787529147 -0.07908089231156028 -0.026287401015955655 0.03209304872792605 -0.002880740118599789 -0.02225043941011011 0.0025946772407676707 -0.03637708280922133 -0.03277849479559518
0.005300789093972839 -0.016151905118361225 0.009486691004986501 0.020430203558636322 -0.0183450566797514 0.07233889693721525 0.05530395703524381 -0.024222364953098284 0.13808363641955546 -0.02896029895338317 0.01884736768085728 -0.03874255120603286 -0.024100479392458532 0.02625639760367545 -0.013910743447919456 -0.015688366333698977 0.017276382897080333 0.06592842596951433 0.058415938170934774
0.0027183639713789756 0.04765777092123716 0.0016120817197353896 -0.04897778838139466 -0.03525637347524688 -0.04741753997730365 0.033749905425284894 -0.07582545709517853 0.009671753410555494 -0.062983104014564 -0.06616342443406652 0.023486742279507207 -0.022258459950268566 -0.017397005808790753 -0.047557983697099966 -0.022222820970255356 0.05652749013311395 0.017723553121988176 -0.015122469392032396
0.0127630413554492 -0.04756738165037102 -0.03253016795283203 -0.028543892473380187 0.002995520610803066 -0.01849171952330689 0.0005644414571971017 0.023380314625500356 0.02219528799219551 0.0066005832532818115 -0.011561694470194603 0.007676626303022627 0.024971638728029297 -0.005131129909268509 0.016196490153704297 0.0039786124288095845 -0.017530662675572004 0.008900063439187892 -0.019903919546333852
0.010490453998493328 0.019108855643745502 0.013674382226362773 -0.029390487472808428 -0.0037389722239464535 0.0008835807257942322 -0.012841730447738344 -0.017315103792127078 -0.02525091689148396 -0.02289488984978254 0.009812612560503869 -0.0018871686196836972 0.01606634890790178 -0.02343318883625225 -0.0003656931277400791 0.0035455925488130776 -0.004148878963918174 0.009446560863878253 0.0002673995306431615
-0.06112528202046108 -0.003410846052034295 0.006722283922554988 -0.0003579312726431792 0.006795456080000173 -0.00387146408732425 0.001013165883201056 -0.0026069203820089618 -0.002467893463432811 -0.005651145743092642 -0.004948830284169676 0.004093230024861981 -0.00023047245234098643 -0.001309318132775936 0.002083984888684587 0.008292540190463752 -0.006021699299921322 0.0012167999217068098 0.005004987447368608
-0.00048189835465719985 0.005984566828546111 0.012228176895014833 0.010542939925961555 -0.003603908336915322 0.04622184549320323 0.029438275423548828 -0.010201686472512435 -0.03309068856875702 -0.018375136987897618 0.03176869375191354 -0.008252179104665427 -0.02044999755633641 0.008904660199359293 -0.017060414108039296 -0.03607861116443867 -0.015359818531064044 -0.011802714387249068 -0.05489252511105962
0.004732080612087769 0.028484899390707908 0.03848911685799255 -0.04307378691305786 0.018503659736611812 0.05770634745414408 0.01292459230915652 0.0472758925831831 -0.007369050298610189 0.006679204973632091 -0.05569701318243557 0.025662656350596533 0.015334491426524911 -0.014701286094554056 -0.01334535119473118 -0.01688284863729817 -0.0002392116416354476 0.013305480985022235 -0.01076176214359929
0.012789000251227273 0.01599140168295201 0.017292021330819883 -0.035371232259865534 0.018429859705670494 -0.015200592761119737 -0.023074922244058847 0.03228484387469946 -0.0005333626125800423 -0.034007120501317364 0.010451567867351918 -0.021804104897996175 -0.05476017569664323 -0.0027704781563756176 0.01627051479133902 0.013880055106448262 -0.020824905717170644 -0.010342214646969047 0.03030064325023213
-2.5873610534481124e-18 -1.0736969997686876e-17 -8.915276198671933e-18 -5.387418724780352e-17 -6.412567660656255e-17 5.1207048658318714e-17 9.808557199444343e-17 8.28170566207049e-18 6.816060644703459e-19 1.4682444397780772e-16 1.074019021503877e-16 2.1752240947056156e-17 -1.2758605274542034e-16 -4.522883273675183e-17 4.20083006021997e-17 -4.135545535114607e-17 -2.0449296174161888e-17 1.9666923368650516e-17 -6.83168499956003e-18
0.0 0.0 0.0 0.0 0.0 0.0 0.0 0.0 0.0 0.0 0.0 0.0 0.0 0.0 0.0 0.0 0.0 0.0 0.0
0.0 0.0 0.0 0.0 0.0 0.0 0.0 0.0 0.0 0.0 0.0 0.0 0.0 0.0 0.0 0.0 0.0 0.0 0.0
0.0 0.0 0.0 0.0 0.0 0.0 0.0 0.0 0.0 0.0 0.0 0.0 0.0 0.0 0.0 0.0 0.0 0.0 0.0
0.0 0.0 0.0 0.0 0.0 0.0 0.0 0.0 0.0 0.0 0.0 0.0 0.0 0.0 0.0 0.0 0.0 0.0 0.0
0.0 0.0 0.0 0.0 0.0 0.0 0.0 0.0 0.0 0.0 0.0 0.0 0.0 0.0 0.0 0.0 0.0 0.0 0.0
0.0 0.0 0.0 0.0 0.0 0.0 0.0 0.0 0.0 0.0 0.0 0.0 0.0 0.0 0.0 0.0 0.0 0.0 0.0
0.0 0.0 0.0 0.0 0.0 0.0 0.0 0.0 0.0 0.0 0.0 0.0 0.0 0.0 0.0 0.0 0.0 0.0 0.0
0.0 0.0 0.0 0.0 0.0 0.0 0.0 0.0 0.0 0.0 0.0 0.0 0.0 0.0 0.0 0.0 0.0 0.0 0.0
0.0 0.0 0.0 0.0 0.0 0.0 0.0 0.0 0.0 0.0 0.0 0.0 0.0 0.0 0.0 0.0 0.0 0.0 0.0
0.0 0.0 0.0 0.0 0.0 0.0 0.0 0.0 0.0 0.0 0.0 0.0 0.0 0.0 0.0 0.0 0.0 0.0 0.0
0.0 0.0 0.0 0.0 0.0 0.0 0.0 0.0 0.0 0.0 0.0 0.0 0.0 0.0 0.0 0.0 0.0 0.0 0.0
0.0 0.0 0.0 0.0 0.0 0.0 0.0 0.0 0.0 0.0 0.0 0.0 0.0 0.0 0.0 0.0 0.0 0.0 0.0
0.0 0.0 0.0 0.0 0.0 0.0 0.0 0.0 0.0 0.0 0.0 0.0 0.0 0.0 0.0 0.0 0.0 0.0 0.0
0.0 0.0 0.0 0.0 0.0 0.0 0.0 0.0 0.0 0.0 0.0 0.0 0.0 0.0 0.0 0.0 0.0 0.0 0.0
0.0 0.0 0.0 0.0 0.0 0.0 0.0 0.0 0.0 0.0 0.0 0.0 0.0 0.0 0.0 0.0 0.0 0.0 0.0
0.0 0.0 0.0 0.0 0.0 0.0 0.0 0.0 0.0 0.0 0.0 0.0 0.0 0.0 0.0 0.0 0.0 0.0 0.0
0.0 0.0 0.0 0.0 0.0 0.0 0.0 0.0 0.0 0.0 0.0 0.0 0.0 0.0 0.0 0.0 0.0 0.0 0.0
0.0 0.0 0.0 0.0 0.0 0.0 0.0 0.0 0.0 0.0 0.0 0.0 0.0 0.0 0.0 0.0 0.0 0.0 0.0
0.0 0.0 0.0 0.0 0.0 0.0 0.0 0.0 0.0 0.0 0.0 0.0 0.0 0.0 0.0 0.0 0.0 0.0 0.0
0.0 0.0 0.0 0.0 0.0 0.0 0.0 0.0 0.0 0.0 0.0 0.0 0.0 0.0 0.0 0.0 0.0 0.0 0.0
0.0 0.0 0.0 0.0 0.0 0.0 0.0 0.0 0.0 0.0 0.0 0.0 0.0 0.0 0.0 0.0 0.0 0.0 0.0
0.0 0.0 0.0 0.0 0.0 0.0 0.0 0.0 0.0 0.0 0.0 0.0 0.0 0.0 0.0 0.0 0.0 0.0 0.0
0.0 0.0 0.0 0.0 0.0 0.0 0.0 0.0 0.0 0.0 0.0 0.0 0.0 0.0 0.0 0.0 0.0 0.0 0.0
0.0 0.0 0.0 0.0 0.0 0.0 0.0 0.0 0.0 0.0 0.0 0.0 0.0 0.0 0.0 0.0 0.0 0.0 0.0
0.0 0.0 0.0 0.0 0.0 0.0 0.0 0.0 0.0 0.0 0.0 0.0 0.0 0.0 0.0 0.0 0.0 0.0 0.0
0.0 0.0 0.0 0.0 0.0 0.0 0.0 0.0 0.0 0.0 0.0 0.0 0.0 0.0 0.0 0.0 0.0 0.0 0.0
0.0 0.0 0.0 0.0 0.0 0.0 0.0 0.0 0.0 0.0 0.0 0.0 0.0 0.0 0.0 0.0 0.0 0.0 0.0
0.0 0.0 0.0 0.0 0.0 0.0 0.0 0.0 0.0 0.0 0.0 0.0 0.0 0.0 0.0 0.0 0.0 0.0 0.0
0.0 0.0 0.0 0.0 0.0 0.0 0.0 0.0 0.0 0.0 0.0 0.0 0.0 0.0 0.0 0.0 0.0 0.0 0.0
0.0 0.0 0.0 0.0 0.0 0.0 0.0 0.0 0.0 0.0 0.0 0.0 0.0 0.0 0.0 0.0 0.0 0.0 0.0
0.0 0.0 0.0 0.0 0.0 0.0 0.0 0.0 0.0 0.0 0.0 0.0 0.0 0.0 0.0 0.0 0.0 0.0 0.0
0.0 0.0 0.0 0.0 0.0 0.0 0.0 0.0 0.0 0.0 0.0 0.0 0.0 0.0 0.0 0.0 0.0 0.0 0.0
0.0 0.0 0.0 0.0 0.0 0.0 0.0 0.0 0.0 0.0 0.0 0.0 0.0 0.0 0.0 0.0 0.0 0.0 0.0
0.0 0.0 0.0 0.0 0.0 0.0 0.0 0.0 0.0 0.0 0.0 0.0 0.0 0.0 0.0 0.0 0.0 0.0 0.0
0.0 0.0 0.0 0.0 0.0 0.0 0.0 0.0 0.0 0.0 0.0 0.0 0.0 0.0 0.0 0.0 0.0 0.0 0.0
0.0 0.0 0.0 0.0 0.0 0.0 0.0 0.0 0.0 0.0 0.0 0.0 0.0 0.0 0.0 0.0 0.0 0.0 0.0
0.0 0.0 0.0 0.0 0.0 0.0 0.0 0.0 0.0 0.0 0.0 0.0 0.0 0.0 0.0 0.0 0.0 0.0 0.0
0.0 0.0 0.0 0.0 0.0 0.0 0.0 0.0 0.0 0.0 0.0 0.0 0.0 0.0 0.0 0.0 0.0 0.0 0.0
0.0 0.0 0.0 0.0 0.0 0.0 0.0 0.0 0.0 0.0 0.0 0.0 0.0 0.0 0.0 0.0 0.0 0.0 0.0
0.0 0.0 0.0 0.0 0.0 0.0 0.0 0.0 0.0 0.0 0.0 0.0 0.0 0.0 0.0 0.0 0.0 0.0 0.0
0.0 0.0 0.0 0.0 0.0 0.0 0.0 0.0 0.0 0.0 0.0 0.0 0.0 0.0 0.0 0.0 0.0 0.0 0.0
0.0 0.0 0.0 0.0 0.0 0.0 0.0 0.0 0.0 0.0 0.0 0.0 0.0 0.0 0.0 0.0 0.0 0.0 0.0
0.0 0.0 0.0 0.0 0.0 0.0 0.0 0.0 0.0 0.0 0.0 0.0 0.0 0.0 0.0 0.0 0.0 0.0 0.0
0.0 0.0 0.0 0.0 0.0 0.0 0.0 0.0 0.0 0.0 0.0 0.0 0.0 0.0 0.0 0.0 0.0 0.0 0.0
0.0 0.0 0.0 0.0 0.0 0.0 0.0 0.0 0.0 0.0 0.0 0.0 0.0 0.0 0.0 0.0 0.0 0.0 0.0
0.0 0.0 0.0 0.0 0.0 0.0 0.0 0.0 0.0 0.0 0.0 0.0 0.0 0.0 0.0 0.0 0.0 0.0 0.0
0.0 0.0 0.0 0.0 0.0 0.0 0.0 0.0 0.0 0.0 0.0 0.0 0.0 0.0 0.0 0.0 0.0 0.0 0.0
0.0 0.0 0.0 0.0 0.0 0.0 0.0 0.0 0.0 0.0 0.0 0.0 0.0 0.0 0.0 0.0 0.0 0.0 0.0
0.0 0.0 0.0 0.0 0.0 0.0 0.0 0.0 0.0 0.0 0.0 0.0 0.0 0.0 0.0 0.0 0.0 0.0 0.0
0.0 0.0 0.0 0.0 0.0 0.0 0.0 0.0 0.0 0.0 0.0 0.0 0.0 0.0 0.0 0.0 0.0 0.0 0.0
0.0 0.0 0.0 0.0 0.0 0.0 0.0 0.0 0.0 0.0 0.0 0.0 0.0 0.0 0.0 0.0 0.0 0.0 0.0
0.0 0.0 0.0 0.0 0.0 0.0 0.0 0.0 0.0 0.0 0.0 0.0 0.0 0.0 0.0 0.0 0.0 0.0 0.0
0.0 0.0 0.0 0.0 0.0 0.0 0.0 0.0 0.0 0.0 0.0 0.0 0.0 0.0 0.0 0.0 0.0 0.0 0.0
0.0 0.0 0.0 0.0 0.0 0.0 0.0 0.0 0.0 0.0 0.0 0.0 0.0 0.0 0.0 0.0 0.0 0.0 0.0
0.0 0.0 0.0 0.0 0.0 0.0 0.0 0.0 0.0 0.0 0.0 0.0 0.0 0.0 0.0 0.0 0.0 0.0 0.0
0.0 0.0 0.0 0.0 0.0 0.0 0.0 0.0 0.0 0.0 0.0 0.0 0.0 0.0 0.0 0.0 0.0 0.0 0.0
0.0 0.0 0.0 0.0 0.0 0.0 0.0 0.0 0.0 0.0 0.0 0.0 0.0 0.0 0.0 0.0 0.0 0.0 0.0
0.0 0.0 0.0 0.0 0.0 0.0 0.0 0.0 0.0 0.0 0.0 0.0 0.0 0.0 0.0 0.0 0.0 0.0 0.0
0.0 0.0 0.0 0.0 0.0 0.0 0.0 0.0 0.0 0.0 0.0 0.0 0.0 0.0 0.0 0.0 0.0 0.0 0.0
0.0 0.0 0.0 0.0 0.0 0.0 0.0 0.0 0.0 0.0 0.0 0.0 0.0 0.0 0.0 0.0 0.0 0.0 0.0
0.0 0.0 0.0 0.0 0.0 0.0 0.0 0.0 0.0 0.0 0.0 0.0 0.0 0.0 0.0 0.0 0.0 0.0 0.0
0.0 0.0 0.0 0.0 0.0 0.0 0.0 0.0 0.0 0.0 0.0 0.0 0.0 0.0 0.0 0.0 0.0 0.0 0.0
0.0 0.0 0.0 0.0 0.0 0.0 0.0 0.0 0.0 0.0 0.0 0.0 0.0 0.0 0.0 0.0 0.0 0.0 0.0
