0.8646829
0.56522727
0.9240177
0.7167622
0.85778385
0.8795553
0.6661322
0.98318434
0.8020519
0.722546
0.32906014
0.79297787
0.80060744
0.84844846
0.93869144
0.94151634
0.0
0.9256882
0.91036105
0.9470179
0.8797047
0.9684721
0.685734
0.8554085
0.3136974
0.6116568
0.7691509
0.9368502
0.9343352
0.75904834
0.40543616
0.95984435
0.72849095
0.4206663
0.79027724
0.8169822
0.5040801
0.8845328
0.97563475
0.97149074
0.98631334
0.43718052
0.8935412
0.8740262
0.7148165
0.8116126
0.8834795
0.9464977
0.88203293
0.6833068
0.94690067
0.6751621
0.78794634
0.8864988
0.7986177
0.95565283
0.8980459
0.97241277
0.39356828
0.058729045
0.90342915
0.8465389
0.98343265
0.9283444
0.63007706
0.9499222
0.30345762
0.4523268
0.63827217
0.9026418
0.29260108
0.9265474
0.8281726
0.9526866
0.97242653
0.96056217
0.9768461
0.92090434
0.8390005
0.95845896
0.74645156
0.961887
0.8132616
0.94514173
0.96356833
0.8385727
0.96658754
0.8681328
0.98504484
0.99302626
0.98009783
0.88857067
0.9806344
0.95861727
0.33762634
0.7023099
0.024521306
0.7059503
0.9566145
0.8082974
0.86107266
0.5507689
0.9367897
0.0
0.76100975
0.9001227
0.96058977
0.8926717
0.9661589
0.9953611
0.53669214
0.93632376
0.7457838
0.9346741
0.7856133
0.97021925
0.89258707
0.9166678
0.5127098
0.9565378
0.8329243
0.94282913
0.86872864
0.94550604
0.0896778
0.70068747
0.92276686
0.7536702
0.85480857
0.15504374
0.90047675
0.56854904
0.9472466
0.89873713
0.9111731
0.9165521
0.9609034
0.6856999
0.9619118
0.9462017
0.84831405
0.65498966
0.89721304
0.9314006
0.83607066
0.6908288
0.81989396
0.9169241
0.9793012
0.51823
0.92538357
0.81332755
0.88683623
0.74538517
0.91942424
0.93355477
0.4358663
0.75093365
0.924074
0.9307517
0.93507713
0.0
0.9201559
0.9760082
0.95329314
0.60816884
0.9510224
0.0
0.5510987
0.56883126
0.32677305
0.92496884
0.8554815
0.86723745
0.93421715
0.91260767
0.99432445
0.9846406
0.80696374
0.43801513
0.51678085
0.9522341
0.88893664
0.91341186
0.9878762
0.9401403
0.64236176
0.389324
0.637031
0.56965876
0.9593759
0.9469819
0.924231
0.63464814
0.84656435
0.83844
0.84802604
0.8673659
0.7531201
0.93501437
0.5457368
0.922866
0.97845274
0.9644247
0.99930197
0.8358637
0.914258
0.42264134
0.91192675
0.9198336
0.0
0.18928412
0.69869
0.94049853
0.87962645
0.5878148
0.94919914
0.9513025
0.83339256
0.8816905
0.9687688
0.6801296
0.9365519
0.59575343
0.94014406
0.98136556
0.9859077
0.93329036
0.89630383
0.48273227
0.896489
0.8738861
0.9048541
0.5572956
0.7525528
0.6477237
0.8648329
0.7925662
0.8959412
0.9698738
0.9016167
0.8022723
0.687184
0.4712668
0.9290429
0.69379884
0.8620362
0.57816637
0.51222324
0.9931037
0.87061334
0.467311
0.11926034
0.95910454
0.7907553
0.8622899
0.80433655
0.98318523
0.5940837
0.98334324
0.9194436
0.9471792
0.8038365
0.90412945
0.9692272
0.7815796
0.91362655
0.89495635
0.9092734
0.53684497
0.9223904
0.99674857
0.9525189
0.93983245
0.70009124
0.7991545
0.9081718
0.6999913
0.88692343
0.56127053
0.76158917
0.97903585
0.91042626
0.78289807
0.94610023
0.0
0.9411751
0.8343875
0.97434807
0.9504178
0.538807
0.8737918
0.90298873
0.707476
0.8794734
0.51354647
0.97218204
0.94166374
0.93918383
0.9076563
0.77058816
0.9032943
0.96901405
0.9555383
0.7554258
0.35770065
0.9548179
0.96136916
0.5344529
0.94648945
0.99689645
0.09787221
0.8996726
0.87452424
0.95941675
0.90226763
0.8958659
0.47600472
0.6296903
0.8190246
0.86697304
0.98031795
0.5838749
0.6533737
0.9167065
0.74627984
0.6945642
0.9338376
0.5643477
0.8596096
0.23748621
0.8845052
0.7416572
0.9670175
0.84560645
0.6467525
0.7111482
0.73511124
0.90505934
0.6840344
0.9465121
0.94848865
0.9111639
0.9696936
0.45887008
0.8460775
0.8314297
0.9657419
0.96391064
0.8151531
0.8924564
0.81444883
0.5774801
0.91186774
0.25217286
0.94899005
0.8280798
0.86786914
0.8550943
0.6566534
0.89636236
0.9511028
0.9470273
0.7266492
0.87485075
0.8427351
0.9639553
0.9797475
0.876415
0.122123405
0.89151883
0.13436404
0.9266498
0.531858
0.6827037
0.6101073
0.5463427
0.63010925
0.7927828
0.88747734
0.8892682
0.8895899
0.8650147
0.9319507
0.8451643
0.8284276
0.91212344
0.9130275
0.1475928
0.6665527
0.90463936
0.60208267
0.49737918
0.65445155
0.9385579
0.9672873
0.20103759
0.74517167
0.94033456
0.9123403
0.97957355
0.983585
0.94646096
0.24174587
0.20924969
0.8714454
0.9806732
0.9885594
0.8346442
0.9370396
0.89330316
0.5509669
0.7380555
0.6613369
0.3661482
0.9743882
0.7074403
0.80405253
0.9206279
0.8680351
0.9803302
0.85136837
0.691863
0.9104467
0.9008773
0.666962
0.98881304
0.74813867
0.94823366
0.39812604
0.79801774
0.9872376
0.9595685
0.9332711
0.8997725
0.6196883
0.91679555
0.7612504
0.72951543
0.85901386
0.9702059
0.9757496
0.79363567
0.9101125
0.8507651
0.96483576
0.6929733
0.20685631
0.43073788
0.96070683
0.8642387
0.4086932
0.8007712
0.9396174
0.18084453
0.8687402
0.7894414
0.72208494
0.870505
0.91055965
0.8784938
0.9258262
0.77358925
0.5377684
0.116043106
0.77539885
0.7957371
0.78386104
0.94836664
0.6903348
0.5262619
0.9490022
0.87585324
0.9352073
0.27010536
0.7410661
0.61250883
0.0
0.62367976
0.97363317
0.9790252
0.8610067
0.70209813
0.40307596
0.37340853
0.4538518
0.92232573
0.9150253
0.91623485
0.9430727
0.9008762
0.47013265
0.65629727
0.7769416
0.7684674
0.6913285
0.9195129
0.92636275
0.9004745
0.545516
0.9524223
0.93851376
0.7045983
0.69229794
0.90446764
0.7248429
0.6483344
0.8251542
0.9679368
0.94706494
0.7516588
0.93984294
0.92966807
0.94486094
0.89613473
0.9306516
0.8531025
0.8581497
0.8231541
0.87851655
0.46887296
0.910993
0.6987641
0.92312014
0.48818806
0.92632127
0.9561713
0.9595687
0.88712025
0.8738291
0.9886838
0.89685595
0.5279053
0.12377607
0.8560494
0.9681992
0.93039614
0.82281584
0.9561933
0.5416992
0.90166205
0.896387
0.05373948
0.8971486
0.5498343
0.40751156
0.0
0.030612633
0.0
0.5562589
0.0
0.25373995
0.09447043
0.0
0.0
0.10936995
0.09526023
0.0
0.4811535
0.02141616
0.06460354
0.0
0.0
0.24988946
0.17628264
0.4538785
0.0
0.40636104
0.4220817
0.46164888
0.4621373
0.08451185
0.8105655
0.009992257
0.0
0.0
0.03724961
0.03576076
0.08244499
0.0
0.18142974
0.0
0.0
0.0
0.49196008
0.11283122
0.8634571
0.0
0.30300277
0.70672154
0.68069386
0.0
0.0
0.6090206
0.0
0.102370955
0.6390596
0.0
0.18000071
0.15537669
0.2628858
0.35487747
0.86138445
0.17669484
0.058482617
0.9366859
0.0
0.12827978
0.948463
0.0
0.11975062
0.64068615
0.6754806
0.0
0.7545605
0.0
0.16482055
0.45896414
0.24525866
0.2409624
0.040105056
0.0
0.25697082
0.0
0.05681712
0.19264074
0.62708515
0.0
0.0
0.0
0.016944453
0.3301686
0.4913013
0.48687622
0.0
0.14813924
0.62289566
0.0
0.18728237
0.0
0.84931034
0.441957
0.0
0.3703995
0.30186015
0.0
0.7194547
0.0
0.7039099
0.54181606
0.0
0.22259195
0.0
0.0
0.7391857
0.0
0.62170726
0.013788998
0.0
0.1782113
0.33032054
0.56553984
0.4277313
0.64853954
0.0
0.0
0.0
0.0
0.28540105
0.0
0.74523807
0.0
0.0
0.0
0.29752484
0.79598916
0.0
0.0
0.4545828
0.8848423
0.46118855
0.0
0.09510579
0.0
0.2800247
0.0
0.3062688
0.7816393
0.299885
0.15430278
0.0
0.0
0.30474323
0.47678912
0.5450222
0.0
0.09361118
0.0
0.0050964477
0.0
0.029389098
0.0
0.0
0.12984215
0.0
0.4646967
0.14236799
0.5072855
0.2767663
0.0
0.33396238
0.0
0.0
0.0
0.5940963
0.1469211
0.0
0.0
0.9099143
0.0
0.0
0.52882475
0.4789011
0.0
0.37566268
0.410783
0.0
0.7111212
0.247271
0.0
0.0
0.57310843
0.0
0.72112644
0.48404837
0.2889949
0.0
0.44134945
0.16893938
0.0
0.0
0.05095064
0.0
0.0
0.0
0.4819387
0.023092788
0.0
0.97407067
0.31217396
0.0
0.11396891
0.71496165
0.26808688
0.044558793
0.0
0.20625232
0.0
0.0
0.6659135
0.49783644
0.27814123
0.0
0.0
0.51458156
0.30553666
0.024904057
0.46936715
0.5340333
0.0
0.027329333
0.40965295
0.020887993
0.0
0.8172313
0.24324018
0.0
0.0
0.0
0.0
0.8298261
0.1868996
0.5237538
0.21705404
0.0
0.56014943
0.0
0.0
0.0
0.0
0.71858346
0.04918001
0.21013258
0.3734783
0.065766215
0.5396215
0.29207766
0.8643005
0.13371283
0.0
0.69509226
0.0
0.34615365
0.122117534
0.6729891
0.32525122
0.0
0.0
0.0
0.0
0.075792156
0.0
0.1733408
0.36857128
0.37752753
0.0
0.0
0.28018746
0.70179015
0.20982884
0.0
0.0
0.08443245
0.15331338
0.0
0.0033646226
0.0
0.07351747
0.15361744
0.8960847
0.20535707
0.0
0.0
0.0
0.28826904
0.63112754
0.0
0.0
0.1892591
0.0
0.0
0.17755648
0.68473643
0.06528288
0.23718849
0.3227305
0.0
0.0
0.20704353
0.942747
0.46221763
0.33233932
0.9363431
0.0
0.052774504
0.21378502
0.87716687
0.15065037
0.37026942
0.3937461
0.48121873
0.21011567
0.044961847
0.51002306
0.5934063
0.0
0.58579737
0.53752023
0.5601263
0.0
0.0
0.2768502
0.16923647
0.03657452
0.0
0.52932346
0.8140421
0.07921769
0.8122051
0.0
0.0
0.0
0.0
0.16952167
0.15397254
0.0
0.0
0.1476794
0.0
0.1624001
0.29155725
0.0
0.0
0.061767414
0.8745093
0.0
0.9330064
0.51272076
0.0
0.010673657
0.0
0.85322577
0.32697406
0.42731762
0.93257964
0.015120316
0.93399155
0.0
0.0
0.08760931
0.0558853
0.0
0.7611122
0.19612393
0.16117409
0.0
0.0
0.0
0.0
0.551402
0.95202106
0.23383911
0.0
0.0
0.0
0.0
0.0
0.20231636
0.03713263
0.24486162
0.0
0.009154521
0.69461256
0.017148944
0.05644138
0.5982387
0.0
0.0
0.83725846
0.0
0.33337075
0.28459817
0.0
0.15089524
0.6900847
0.17638099
0.0
0.0
0.41456825
0.0
0.87761533
0.11842549
0.0
0.5640935
0.0
0.1721426
0.0
0.044228226
0.0
0.0
0.6081631
0.2056388
0.5908234
0.79615843
0.0
0.38922405
0.73890376
0.5863868
0.27528715
0.0
0.07366037
0.0
0.17780745
0.03529644
0.0
0.0
0.83534706
0.2923001
0.7980895
0.0
0.87413704
0.49295205
0.54672873
0.92968065
0.0
0.4909888
0.0
0.07053697
0.0
0.6003003
0.0
0.95881903
0.05062046
0.6316153
0.14860484
0.8170931
0.0
0.0
0.19016805
0.30087706
0.6277398
0.37027606
0.0
0.21818838
0.0
0.14305395
0.0
0.0
0.0
0.9413489
0.013775259
0.49976867
0.16809246
0.0
0.0
0.0
0.6655717
0.4016044
0.26719752
0.0
0.6023474
0.0
0.14585249
0.16314755
0.0
0.0
0.34333706
0.30409655
0.31756875
0.9233652
0.0
0.0
0.66898626
0.0
0.0
0.6563386
0.4423693
0.5604097
0.4133969
0.0
0.0
0.0
0.4113652
0.0
0.6432258
0.65684485
0.58704627
0.6418402
0.43164283
0.0
0.0
0.0
0.0
0.0
0.16196883
0.09550801
0.095284805
0.0
0.0
0.4746004
0.0
0.43663573
0.6933404
0.0
0.049289715
0.0148222
0.0
0.8099425
0.0
0.8117005
0.6769544
0.106459096
0.5305865
0.53791034
0.88957226
0.5607959
0.7354213
0.0
0.3285303
0.45486176
0.6644894
0.0
0.0
0.021578819
